842122025287942234
842122018350170142
842122030823374898
842122023823736833
842122008221188148
842122024566259732
842117878802022420
842117885929324554
842117895789477928
842117885085089814
842122013485170708
842117882748862525
842122022086508604
842117874151063562
842122003946537040
842122027544346664
842117879302193259
842122024792358943
842122016241090560
842117897584508930
842117883646967850
842122006161915955
842117890018246746
842117876923891733
842122010392789022
842122003615973521
842122008322113556
842122015456362496
842117879775232050
842122020371038288
842117877024817193
842117888529793034
842122020967415808
842117886835556382
842117891976593448
842122018026422292
842122019268984873
842122016776650772
842122009811091456
842122028848381972
842122019768238110
842122014752112650
842117893571084358
842122011630501930
842117883249033277
842117892686217257
842117880762073109
842117883030274068
842117887807193109
842122016920174603
842117891540910140
842122004459159593
842122019583950898
842122009059131452
842122007436197918
842122026037542983
842122011878096917
842122030324908083
842122014281695252
842117877343715369
842117895534149712
842122006718578688
842122021738774528
842122007465164810
842122021768003624
842122008170332210
842122009491800065
842122012679864353
842117875266355200
842117882434945044
842122025933864990
842117879733813309
842117891906207804
842117896050049125
841411308973064222
842122016299286609
842117890409103401
842122015037194260
842122015388991498
842117888256639037
842117878584311818
842117876769226793
842122018249244713
842122026138861568
842117899665801216
842122014613700648
842117893453905950
842117890421293056
842117895169245235
842122016945602630
842117877566013521
842122024457601085
841411238361694269
842122020682203197
842122006426026005
842122024422735893
842122024339767376
842122014054678549
842117874558697483
842117892103208980
842122022439354438
842122030609334355
842122022762315817
842117886386110475
842122029796294656
842117882305183754
842117888940703816
842122018601435147
842117874806030406
842117886478909490
842122027925110824
842117881890078751
842117873933484084
842122008849940540
842117879112663077
842122011031502878
842122028274024490
842122005649162260
842117891334995978
842122009651707914
842122025283354644
842117897396420708
842122008249761792
842122007692574720
842117880094261268
842122015292522546
842122016160350208
842122010237730876
842122027988418610
842122018199044097
842117878954197004
842122007398580275
842122022800064542
842122026424467506
842122017348124702
842122024025587742
842117873811062854
842117896364884019
842117885437804564
842122007050453032
842122013437853716
842117874247401473
842122008719654982
842117891880124456
842122031122481182
842122013891624970
842122020666081290
842117885483941938
842122017200275456
842117887292080168
842122030035370004
842122014306861057
842122023392378901
842122015024087080
842122024558395451
842117877914271744
842117877518565426
842117884553723934
842122023454113812
842122007339597834
842117887376490566
842122023261175870
842117896149794816
842117893050597416
842117873702535170
842122016244760637
842122025321496577
842122017305788487
842122022564790312
842122013518725161
842117894489767957
842117879989010493
842117875779108894
842117893322833922
842122012154527834
842122025446277180
842122012016377857
842122003770376192
842117875372392448
842117883714076683
842122026961731605
842117878223732796
842122012724953088
842117886487167007
842117898670833664
842117874151194684
842122022833881119
842117874755829780
842117888202506240
842122029749501952
842117879428153434
842117887107268609
842122019956326411
842117884943532082
842122020036935750
842117881676431430
842117886230528020
842117883785642014
842122003708248094
842122012658630696
842117897728032799
842122020204445726
842117875790643252
842117896426881054
842117880770199593
842117884511256596
842122023101792327
842122009974276137
842122005004288031
842117883378401300
842117894937640961
842122005556756530
842117895281967125
842117880186929172
842122017464778772
842117887531024384
842122009252855808
842117896766881823
842122030505656390
842122027657330718
842117878588244058
842117880741232690
842117898020585483
842117874247401554
842122024792883230
842117893575540766
842117888302776361
842122008313856070
842122009583681556
842122020874747935
842117900134383626
842117890568224788
842117888156762112
842117893710020648
842122005808414803
842117894636306442
842122027690885130
842122005737635841
842122030878556171
842122018799222826
842117873992597557
842117875959332880
842122012335931433
842117881805275136
842117889129709588
842117882539147314
842117874867765258
842117898546053131
842122021395628093
842117889611137024
842117890269380678
842122004286799872
842117875116146709
842117886947491841
842122009000804392
842117885140008970
842122028919947284
842117880082202635
842117894959530034
842117886784307281
842117881499353088
842117883114422292
842117891225944104
842122004823932928
842117888764805121
842122009139609620
842122026902093844
842122028765020220
842117888701104209
842122017670430730
842117884946808834
842122030677884949
842117880773869638
842117876878016512
842117901271433216
842122015783780392
842122014104879106
842117892820172843
842117898805313576
842122024432435260
842122028084363315
842117875716063232
842117880128602112
842122019029909566
842122028944850994
842122013068755026
842117895622361089
842117890924216360
842117900466913340
842122022674104400
842122021944164382
842117897114877982
842122018061287424
842117879439949884
842117879210311751
842117898637934642
842117889929904189
842117890986999838
842122013815865414
842122011261010031
842117887909298236
842117887660654592
842117876362248192
842122010552303656
842117892824367144
842117895895121990
842117881315196970
842122011143831622
842122027800199198
842117899510480896
842117877992652820
842122021684379668
842122008104009738
842122021848088626
842122012695461888
842117886872518736
842117896879472641
842117898818420757
842122003707330610
842117889749286912
842122018194456606
842122013476519957
842122010808811570
842122006451322880
842117894845497384
842117889275723846
842122003615318036
842117882585808906
842117897689628702
842117894514409532
842117900054560779
842122009160450059
842117886109679696
842122027174592522
842117878651289672
842117885103177759
842122004546715688
842117877750169620
842117886671323166
842122027631771718
842122009856966676
842117881172066404
842117875144589312
842122012980805714
842122016387891260
842117876328693781
842117878626648075
842117888759431220
842117883894956083
842122023555170304
842122006991470622
842122026340450324
842122010821394482
842122030983151676
842117880338055237
842122025044934675
842122004521156630
842117893889589299
842117892123918356
842122029569409094
842122020128817202
841411807162794065
842117888067633152
842117885791174676
842117897181724752
842117889984036904
842117900428509186
842117883509342268
842122029892239442
842122010350977106
842122004000800768
842117896883929098
842117888618135582
842122015585992775
842117896997568553
842122017603190834
842122021328388096
842117876910915654
842117889229455360
842117875942948915
842122014281170964
842122011736408105
842117893432541205
842117900256935966
842117892958191656
842122021659869194
842117898889723944
842117876609056768
842117880685527130
842122010745241610
842117875581845565
842117899799101500
842122004568342539
842122011877965834
842122012163571733
842122013086973952
842122004785922169
842122027238031450
842117891108241418
842122020841717810
842117878441443408
842117884708519936
842122008980357130
842122026210033684
842117897614786570
842117877837332490
842117892505993258
842122020934516786
842122011593801758
842122016316457000
842117876584546304
842122015879725067
842122030068269117
842117877074100235
842122006014984272
842117899426201670
842117883311292457
842117879234166804
842122018777464852
842117874038079539
842122007184932884
842122019892887613
842122028337201162
842117877829861376
842122006367699024
842117885161504818
842122005767127071
842117884364718152
842122011329560646
842122029632323604
842117899438653441
842122007768596491
842122003829227550
842117889540751380
842122026289463307
842122010167345153
842122019101605918
842117879339155456
842122019339894794
842117877896183828
842122025354919986
842122005737635851
842117892592893983
842117892135845918
841411299254730782
842117875862601749
842117881717063760
842117896364752896
842117889740767252
842117880996036628
842122026734190632
842122006442541056
842117898599268413
842117885694050315
842122028034031627
842122006551330866
842117891210215495
842117889733427200
842117881546408057
842122022418907208
842122018295119912
842117882746110008
842122022477234236
842122007474470992
842122010065764362
842122024033583174
842117886091984906
842117894174277662
842122028621889576
842117882271236116
842117895269384222
842117895118913587
842117878836363286
842122027027660810
842117894171131955
842122018765799446
842122029191790632
842117881692291102
842117881533956176
842117884385820783
842117892630773800
842122016085245993
842117884099559484
842122029149978645
842122023539048500
842117887577817118
842117874172690462
842122011281981442
841411238361694271
842117897522642946
842122004529807410
842122026495246437
842117874893062245
842122011206877244
842117894343098428
842117898733879296
842117888920125460
842117882287489056
842122005309292554
842117890525626438
842117899745493012
