841413932945244170
841414390984736780
841410549493530634
841712871758102568
841418612711096360
841413040159457320
841419345329913856
841419028702691338
841414427168866326
841414904979128351
841419452104441936
841418657191034940
841414051406151752
841413375548325919
841413639038304276
839402773715746816
841421540881072138
841419852795346955
841713209001640006
841414786528051201
841415428789633076
841709189705367562
827092672069500928
841709281048789014
841412595525353483
841575155146031124
841416257453817866
841418422217867294
841711390679105576
841414537030533121
841417231137112075
841573427625590787
841713617144643606
841417877847801898
841712464499572746
841417368907284569
841419878178881536
841418163756728370
841413264662986753
841420413174677544
841421195710169128
841415289026641950
841413574765182996
841420354123595807
841418691337125960
841419954284789821
841412468702314516
841418914964439050
841417385562210374
841422331527299114
841415365733253141
841415157459976255
841421966090436640
841417437508665374
841418037147467788
841712134126960640
841413769266987029
841414783349424131
