841411238361694268
842151840224116846
842151840198950943
842151839889227776
842151839881363466
842151839872843816
842151839801278544
842151839704809474
842151839642419211
842151839407669289
842151839398232064
842151839340298271
842151839302811690
842151839202148402
842151839134908446
842151838962286602
842151838882201653
842151838770135060
842151838694113320
842151838673141760
842151838476402708
842151838375739392
842151838374952980
842151838349262858
842151838286479391
842151838022500393
842151837939531806
842151837893263400
842151837767696444
842151837766647848
842151837713039381
842151837537009685
842151837406461962
842151837321789501
842151837229776976
842151837212606464
842151837208805396
842151837192945734
842151837158342656
842151837044834354
842151837003546634
842151836719120414
842151836559605770
842151836558426122
842151836488171540
842151836391440404
842151836289990656
842151836210692156
842151836067692544
842151836039381034
842151835912765450
842151835874754570
842151835711832085
842151835603435520
842151835514044427
842151835467776000
842151835279556619
842151835212054558
842151835124891710
842151834969309194
842151834953187378
842151834935492679
842151834860126238
842151834848329728
842151834538082375
842151834511867994
842151834469793833
842151834360610876
842151834289831976
842151834142638110
842151834117472257
842151833978798111
842151833799229460
842151833778389042
842151833634996254
842151833623461898
842151833584664596
842151833195249705
842151833048449037
842151832948441098
842151832888803369
842151832885526575
842151832885002260
842151832872419358
842151832767561739
842151832703860738
842151832482349077
842117727950209024
842117727879692338
842117727648874516
842117727506530324
842117727480447086
842117727304155136
842117727278858271
842117727232720906
842117727099420683
842117727048302604
842117726989189159
842117726621139014
842117726574608394
842117726570020904
842117726544724018
842117726511038524
842117726453628999
842117726267899915
842117726101307433
842117725949788200
842117725899194419
842117725845323806
842117725768646656
842117725748068412
842117725610442754
842117725354197013
842117725337813002
842117725329555498
842117725144350760
842117725140942848
842117725135306752
842117725106602034
842117724838690866
842117724780232726
842117724708274216
842117724422799371
842117724405760060
842117724368928770
842117724360671253
842117724306145366
842117724213608479
842117724187918376
842117723998912583
842117723927609344
842117723693907988
842117723646722138
842117723566637066
842117723475279872
842117723382612019
842117723269627964
842117723189149757
842117722971832321
842117722879426570
842117722723713074
842117722682818580
842117722635501609
842117722606665728
842117722505609257
842117722417659935
842117722291830836
842117722275053608
842117722006487040
842117721994166282
842117721965330434
842117721951830066
842117721827049492
842117721818267668
842117721520341002
842117721407488031
842117721377603584
842117721373147156
842117721138659329
842117721080201247
842117721045860392
842117720929206332
842117720883068987
842117720786993152
842117720652251136
842117720475697173
842117720396398644
842117720358780958
842117720262443028
842117720220368957
842117720199921664
842117720001740830
842117719901470721
842117719821385778
842117719737368587
842117719678910474
842117719591092225
842117719528177714
842117719365255200
842117719323312168
842117719288840193
842117719054876743
842117719007690814
842117718945824768
842117718932717628
842117718865346580
842117718853550130
842117718629941309
842117718345515028
842117718287319070
842117718282731571
842117718237118505
842117718148382750
842117718127673365
842117717968289813
842117717826076673
842117717653585970
842117717619114024
842117717543616520
842117717468381246
842117717347139634
842117717301002281
842117717229830225
842117717192736838
842117717003468800
842117716994293801
842117716831371315
842117716709474344
842117716659667026
842117716605009920
842117716378517505
842117716281131070
842117716269989908
842117716248625204
842117716181516367
842117715875069952
842117715842170941
842117715841384458
842117715728793670
842117715703627787
842117715569147905
842117715413041152
842117715388137552
842117715358777364
842117715178160138
842117715085754378
842117715057049653
842117715028344833
842117714809716797
842117714520965141
842117714515984394
842117714490294272
842117714461982780
842117714460934235
842117714431574036
842117714419384360
841411611231125514
